PYRfromMAL	OAAfromPEP	SERfromGLY	GLYfromSER	E4PThroughTK	Growth Rate	PEPfromOAA	PEPthroughTK
0	0.326585859061	0.362182067437	0.713587098394	0.422700067141	0.736700938808	0.0	0.141910822654
0	0.326585859112	0.36218206734	0.713587098543	0.422700067143	0.736700938972	0.0	0.141910822701
0	0.326585859068	0.362182067392	0.713587098446	0.422700067151	0.736700938857	0.0	0.141910822682
0.0	0.32658585908	0.362182067396	0.713587098443	0.422700067149	0.736700938864	0.0	0.124219910276
0.0	0.326585859082	0.362182067361	0.713587098488	0.422700067152	0.736700938889	0.0	0.124219910282
0.0	0.326585859079	0.362182067374	0.713587098473	0.422700067153	0.73670093888	0.0	0.124219910282
0.0	0.326585859061	0.362182067401	0.713587098437	0.422700067148	0.736700938851	0.0	0.124219910273
0.0	0.32658585906	0.36218206743	0.713587098397	0.422700067146	0.736700938806	0.0	0.124219910268
0.0	0.326585859073	0.362182067385	0.713587098462	0.42270006715	0.73670093887	0.0	0.124219910278
