PYRfromMAL	OAAfromPEP	SERfromGLY	GLYfromSER	E4PThroughTK	Growth Rate	PEPfromOAA	PEPthroughTK
0.0	0.326585859065	0.362182067412	0.713587098422	0.422700067145	0.736700938825	0.0	0.124219910268
0.0	0.326585859059	0.362182067393	0.713587098419	0.422700067162	0.73670093881	0.0	0.124219910286
0	0.326585859094	0.362182067343	0.713587098516	0.422700067153	0.736700938911	0.0	0.1419108227
0.0	0.326585859072	0.362182067382	0.713587098463	0.422700067149	0.736700938874	0.0	0.124219910276
0.0	0.326585859072	0.362182067382	0.713587098463	0.422700067149	0.736700938874	0.0	0.124219910276
0	0.326585859048	0.362182067413	0.713587098419	0.422700067148	0.736700938843	0.0	0.141910822675
0	0.326585859051	0.362182067416	0.713587098418	0.422700067147	0.736700938838	0.0	0.141910822672
0	0.326585859076	0.36218206739	0.713587098453	0.422700067151	0.736700938864	0.0	0.141910822683
0.0	0.326585859065	0.362182067388	0.713587098431	0.42270006716	0.736700938802	0.0	0.124219910281
