PYRfromMAL	OAAfromPEP	SERfromGLY	GLYfromSER	E4PThroughTK	Growth Rate	PEPfromOAA	PEPthroughTK
0.0	0.32658585914	0.362182067272	0.713587098612	0.422700067158	0.736700938971	0.0	0.124219910295
0.0	0.326585859045	0.362182067433	0.713587098416	0.422700067147	0.736700938853	0.0	0.124219910273
0.0	0.326585859114	0.362182067331	0.713587098564	0.422700067146	0.736700938979	0.0	0.124219910284
0	0.32658585904	0.362182067427	0.713587098402	0.422700067148	0.736700938833	0.0	0.141910822671
0	0.326585859096	0.362182067355	0.713587098499	0.422700067152	0.736700938899	0.0	0.141910822693
0	0.32658585904	0.362182067427	0.713587098402	0.422700067148	0.736700938833	0.0	0.141910822671
0	0.32658585904	0.362182067427	0.713587098402	0.422700067148	0.736700938833	0.0	0.141910822671
0	0.326585859089	0.362182067355	0.713587098499	0.422700067147	0.736700938893	0.0	0.141910822687
0	0.326585859096	0.362182067355	0.713587098499	0.422700067152	0.736700938899	0.0	0.141910822693
