PYRfromMAL	OAAfromPEP	SERfromGLY	GLYfromSER	E4PThroughTK	Growth Rate	PEPfromOAA	PEPthroughTK
0.0	0.326585859085	0.362182067348	0.713587098501	0.422700067154	0.736700938893	0.0	0.124219910285
0	0.326585859112	0.36218206734	0.713587098543	0.422700067143	0.736700938972	0.0	0.141910822701
0	0.326585859068	0.362182067392	0.713587098446	0.422700067151	0.736700938857	0.0	0.141910822682
0.0	0.32658585908	0.362182067396	0.713587098443	0.422700067149	0.736700938864	0.0	0.124219910276
0	0.326585859078	0.362182067392	0.713587098449	0.422700067151	0.736700938868	0.0	0.141910822682
0.0	0.326585859021	0.362182067468	0.713587098347	0.422700067143	0.73670093879	0.0	0.124219910263
0.0	0.326585859084	0.362182067377	0.713587098473	0.422700067152	0.73670093888	0.0	0.12421991028
0.0	0.326585859021	0.362182067468	0.713587098347	0.422700067143	0.73670093879	0.0	0.124219910263
0.0	0.326585859021	0.362182067468	0.713587098347	0.422700067143	0.73670093879	0.0	0.124219910263
