PYRfromMAL	OAAfromPEP	SERfromGLY	GLYfromSER	E4PThroughTK	Growth Rate	PEPfromOAA	PEPthroughTK
0	0.239036143179	0.441424189154	0.877217551657	0.495164651021	0.0742080846746	0.0	0.419316561513
0	0.192790111852	0.491721727976	0.982552118963	0.740959385716	0.0643692555681	0.0	-0.00693529725695
0.0	0.232986583005	0.362291940606	0.71381204221	0.495705631597	0.0726046982917	0.0	0.166775422879
0.0	0.739717707764	0.35716674187	0.703324892583	0.481074797968	0.0570910985087	0.0	0.5
0.0	0.492205558428	0.492862433707	0.984954473309	0.740959386009	0.052772441819	0.0	-0.00133006000708
0	0.0514423350054	0.492916331819	0.985067998651	0.740959383992	0.0509797332597	0.0	-0.00617849936264
0.0	0.472139126106	0.492311379543	0.983793864613	0.740959384817	0.0573004869661	0.0	-0.00144522794596
0	0.664234373846	1.0059741156	-0.252765384863	0.499240863789	0.0603170317176	0.0	0.487916736704
0.523016958592	20.9109842169	0.498293177163	0.276313546268	0.740959384388	0.0727435194574	-0.0	-0.00183926762486
