PYRfromMAL	OAAfromPEP	SERfromGLY	GLYfromSER	E4PThroughTK	Growth Rate	PEPfromOAA	PEPthroughTK
0	0.326585859072	0.362182067393	0.713587098449	0.422700067149	0.736700938865	0.0	0.141910822681
0	0.326585859072	0.362182067393	0.713587098449	0.422700067149	0.736700938865	0.0	0.141910822681
0	0.326585859072	0.362182067393	0.713587098449	0.422700067149	0.736700938865	0.0	0.141910822681
0	0.326585859072	0.362182067393	0.713587098449	0.422700067149	0.736700938865	0.0	0.141910822681
0	0.326585859072	0.362182067393	0.713587098449	0.422700067149	0.736700938865	0.0	0.141910822681
0	0.326585859072	0.362182067393	0.713587098449	0.422700067149	0.736700938865	0.0	0.141910822681
0	0.326585859072	0.362182067393	0.713587098449	0.422700067149	0.736700938865	0.0	0.141910822681
0	0.326585859072	0.362182067393	0.713587098449	0.422700067149	0.736700938865	0.0	0.141910822681
0	0.326585859072	0.362182067393	0.713587098449	0.422700067149	0.736700938865	0.0	0.141910822681
