PYRfromMAL	OAAfromPEP	SERfromGLY	GLYfromSER	E4PThroughTK	Growth Rate	PEPfromOAA	PEPthroughTK
0.0	0.239036142524	0.362291940317	0.713812042602	0.495636224695	0.0742080845892	0.0	0.167633715819
0.0	0.192790113736	0.36218206707	0.713587098885	0.496070986414	0.0643692557264	0.0	0.162197861001
0.0	0.285315628053	0.362291940367	0.713812042534	0.495750731543	0.0726046980802	0.0	0.168235178695
0	0.183683717484	0.492439801142	0.984064328731	0.740959385592	0.05709109803	0.0	-0.0064052323636
0	0.207026805753	0.492921153602	0.985078155092	0.740959385703	0.0527724418191	0.0	-0.00601607889066
0	0.0514423344625	0.492916331823	0.985067998684	0.7409593842	0.0509797332144	0.0	-0.00617849935011
0	0.110408461636	0.492311379538	0.538072851066	0.740959386201	0.0573004869876	0.0	-0.00658585031905
0	0.664291057444	1.0059741156	-0.252666131879	0.499240831825	0.0603170317176	0.0	0.487902994582
0.0	0.168579652619	0.498139171298	0.50135386794	0.740959386526	0.0727435194874	0.0	-0.00183926759389
