PYRfromMAL	OAAfromPEP	SERfromGLY	GLYfromSER	E4PThroughTK	Growth Rate	PEPfromOAA	PEPthroughTK
0.0	0.326585859044	0.362182067437	0.713587098389	0.422700067147	0.736700938824	0.0	0.12421991027
0	0.326585859061	0.362182067437	0.713587098394	0.422700067141	0.736700938808	0.0	0.141910822654
0.0	0.326585859065	0.362182067389	0.713587098453	0.42270006715	0.736700938864	0.0	0.124219910278
0	0.326585859056	0.362182067425	0.713587098405	0.422700067144	0.736700938812	0.0	0.141910822661
0	0.326585859056	0.362182067425	0.713587098405	0.422700067144	0.736700938812	0.0	0.141910822661
0	0.326585859029	0.362182067441	0.713587098383	0.422700067144	0.73670093882	0.0	0.141910822663
0	0.326585859029	0.362182067441	0.713587098383	0.422700067144	0.73670093882	0.0	0.141910822663
0	0.326585859029	0.362182067441	0.713587098383	0.422700067144	0.73670093882	0.0	0.141910822663
0	0.326585859137	0.362182067298	0.713587098577	0.422700067159	0.736700938964	0.0	0.141910822718
