PYRfromMAL	OAAfromPEP	SERfromGLY	GLYfromSER	E4PThroughTK	Growth Rate	PEPfromOAA	PEPthroughTK
0.0	0.326585858956	0.362182067557	0.713587098252	0.422700067125	0.736700938764	0.0	0.124219910241
0.0	0.326585859045	0.362182067433	0.713587098416	0.422700067147	0.736700938853	0.0	0.124219910273
0	0.326585859068	0.362182067399	0.713587098468	0.422700067129	0.736700938944	0.0	0.141910822675
0	0.326585859068	0.362182067399	0.713587098468	0.422700067129	0.736700938944	0.0	0.141910822675
0	0.326585859063	0.362182067413	0.713587098445	0.422700067139	0.736700938896	0.0	0.141910822675
0	0.326585859068	0.362182067399	0.713587098468	0.422700067129	0.736700938944	0.0	0.141910822675
0.0	0.326585859065	0.362182067389	0.713587098453	0.42270006715	0.736700938864	0.0	0.124219910278
0.0	0.326585859065	0.362182067389	0.713587098453	0.42270006715	0.736700938864	0.0	0.124219910278
0.0	0.326585859032	0.362182067434	0.713587098392	0.422700067142	0.736700938825	0.0	0.124219910265
