PYRfromMAL	OAAfromPEP	SERfromGLY	GLYfromSER	E4PThroughTK	Growth Rate	PEPfromOAA	PEPthroughTK
0	0.609419874532	0.494363741435	0.976992511959	0.74095938601	0.185780954854	0.0	0.5
0.0	0.697324640062	0.47056181876	0.378511895718	0.829064145788	0.17418738708	-0.0	-0.00217003345911
0.0	0.739717704085	0.36229194062	0.71381204219	0.493120905042	0.168109454933	0.0	0.227549049122
0	0.00743365363093	0.496042882603	0.991655747344	0.478991250529	0.167448839992	0.0	0.225439586975
0.0	0.00634914644021	0.362182067643	0.713587098109	0.508164708178	0.13942777788	0.0	0.5
0.0	0.739717703912	0.362291940709	0.71381204207	0.492965453468	0.175146132571	0.0	0.231070403082
0.0	0.739717704071	0.362291940635	0.713812042171	0.492901278246	0.178128997213	0.0	0.232555467608
0.0	0.739884912614	0.362291940819	0.713812041921	0.419791424663	0.175876441066	0.0	0.0293975690284
0	0.739717704062	0.362291940619	0.0153043129856	0.492364692603	0.205027375277	0.0	0.389560651334
