PYRfromMAL	OAAfromPEP	SERfromGLY	GLYfromSER	E4PThroughTK	Growth Rate	PEPfromOAA	PEPthroughTK
0.0	0.7397177043	0.362291940533	0.015961386316	0.492741123786	0.185780954812	0.0	0.236344479935
0.0	0.697324640062	0.47056181876	0.378511895718	0.829064145788	0.17418738708	-0.0	-0.00217003345911
0.0	0.739717704085	0.36229194062	0.71381204219	0.493120905042	0.168109454933	0.0	0.227549049122
0	0.00696754819363	0.496290889824	0.992178500124	0.481081886585	0.156875766854	0.0	0.234041256973
0.0	0.00634914644021	0.362182067643	0.713587098109	0.508164708178	0.13942777788	0.0	0.5
0.0	0.739717703923	0.362291940619	0.713812042192	0.492965453457	0.175146133056	0.0	0.231070403299
0	0.739717704053	0.362291940635	0.71381204217	0.492901278245	0.178128997213	0.0	0.395615696057
0.0	0.739884912614	0.362291940819	0.713812041921	0.419791424663	0.175876441066	0.0	0.0293975690284
0	0.739717704069	0.362291940616	0.713812042196	0.492364692603	0.205027375277	0.0	0.389560651335
